Chanel		intensity
1	69
2	60
3	53
4	56
5	65
6	70
7	54
8	52
9	63
10	48
11	52
12	59
13	51
14	43
15	57
16	50
17	63
18	70
19	66
20	63
21	68
22	60
23	69
24	62
25	56
26	60
27	64
28	53
29	62
30	46
31	61
32	55
33	61
34	55
35	50
36	58
37	53
38	51
39	44
40	63
41	65
42	61
43	58
44	54
45	52
46	58
47	41
48	59
49	63
50	49
51	57
52	52
53	63
54	68
55	66
56	66
57	55
58	58
59	61
60	56
61	58
62	60
63	58
64	39
65	50
66	62
67	58
68	47
69	59
70	62
71	46
72	43
73	52
74	59
75	58
76	54
77	53
78	63
79	41
80	55
81	60
82	53
83	60
84	52
85	45
86	64
87	55
88	53
89	54
90	51
91	57
92	56
93	48
94	53
95	46
96	62
97	45
98	53
99	52
100	68
101	47
102	64
103	54
104	53
105	42
106	66
107	57
108	59
109	50
110	54
111	53
112	52
113	69
114	67
115	51
116	67
117	57
118	46
119	57
120	49
121	59
122	55
123	65
124	58
125	49
126	49
127	56
128	51
129	58
130	52
131	58
132	58
133	58
134	59
135	44
136	46
137	58
138	45
139	51
140	55
141	58
142	59
143	56
144	64
145	45
146	55
147	56
148	62
149	49
150	54
151	55
152	57
153	44
154	47
155	52
156	51
157	71
158	63
159	55
160	42
161	58
162	56
163	54
164	45
165	66
166	55
167	51
168	55
169	46
170	41
171	48
172	45
173	63
174	55
175	49
176	54
177	61
178	55
179	37
180	63
181	40
182	52
183	60
184	49
185	48
186	49
187	50
188	57
189	42
190	53
191	49
192	51
193	53
194	51
195	44
196	57
197	50
198	47
199	43
200	45
201	46
202	38
203	48
204	44
205	51
206	56
207	49
208	41
209	49
210	55
211	59
212	58
213	60
214	35
215	56
216	60
217	48
218	52
219	64
220	52
221	40
222	63
223	47
224	56
225	66
226	57
227	48
228	65
229	58
230	58
231	58
232	60
233	44
234	48
235	44
236	48
237	42
238	59
239	59
240	49
241	65
242	56
243	46
244	52
245	49
246	48
247	65
248	42
249	40
250	48
251	42
252	54
253	42
254	49
255	46
256	44
257	49
258	44
259	46
260	59
261	58
262	45
263	31
264	53
265	43
266	51
267	40
268	45
269	46
270	38
271	44
272	60
273	57
274	44
275	50
276	51
277	57
278	53
279	33
280	48
281	41
282	47
283	37
284	51
285	44
286	55
287	48
288	44
289	52
290	39
291	40
292	39
293	31
294	47
295	41
296	43
297	40
298	42
299	47
300	48
301	54
302	43
303	39
304	44
305	52
306	63
307	44
308	48
309	43
310	49
311	53
312	40
313	31
314	57
315	42
316	57
317	46
318	34
319	49
320	38
321	45
322	53
323	56
324	52
325	44
326	50
327	46
328	42
329	45
330	39
331	44
332	48
333	49
334	57
335	41
336	44
337	49
338	53
339	45
340	49
341	42
342	45
343	57
344	39
345	41
346	52
347	62
348	50
349	57
350	47
351	40
352	35
353	50
354	35
355	49
356	42
357	46
358	50
359	50
360	44
361	42
362	50
363	50
364	53
365	49
366	45
367	53
368	49
369	57
370	46
371	39
372	37
373	45
374	38
375	48
376	39
377	49
378	44
379	39
380	51
381	64
382	54
383	52
384	45
385	34
386	54
387	48
388	41
389	45
390	53
391	30
392	29
393	44
394	42
395	46
396	51
397	40
398	38
399	37
400	47
401	46
402	51
403	41
404	32
405	44
406	45
407	46
408	43
409	38
410	47
411	43
412	38
413	43
414	43
415	36
416	61
417	48
418	50
419	34
420	43
421	56
422	41
423	56
424	42
425	45
426	50
427	43
428	40
429	39
430	62
431	47
432	48
433	34
434	43
435	51
436	45
437	30
438	35
439	40
440	46
441	41
442	46
443	48
444	48
445	37
446	44
447	36
448	46
449	36
450	46
451	34
452	32
453	41
454	39
455	33
456	35
457	32
458	36
459	40
460	41
461	42
462	43
463	39
464	46
465	55
466	47
467	38
468	44
469	38
470	50
471	35
472	51
473	30
474	43
475	41
476	40
477	44
478	49
479	36
480	38
481	26
482	29
483	45
484	41
485	42
486	47
487	37
488	45
489	39
490	37
491	45
492	27
493	48
494	49
495	52
496	43
497	29
498	36
499	39
500	38
501	42
502	47
503	34
504	44
505	44
506	41
507	48
508	49
509	38
510	39
511	31
512	47
513	40
514	39
515	38
516	32
517	34
518	41
519	41
520	43
521	47
522	39
523	37
524	34
525	35
526	41
527	33
528	33
529	40
530	40
531	33
532	48
533	32
534	43
535	35
536	31
537	26
538	47
539	43
540	33
541	42
542	31
543	49
544	36
545	47
546	40
547	33
548	48
549	35
550	25
551	46
552	44
553	37
554	38
555	39
556	40
557	42
558	40
559	39
560	33
561	35
562	30
563	43
564	47
565	36
566	33
567	50
568	36
569	41
570	35
571	42
572	44
573	43
574	36
575	46
576	43
577	37
578	27
579	39
580	33
581	41
582	39
583	37
584	34
585	32
586	39
587	43
588	38
589	38
590	33
591	28
592	27
593	32
594	42
595	35
596	39
597	39
598	46
599	32
600	37
601	46
602	33
603	34
604	46
605	39
606	34
607	39
608	37
609	40
610	38
611	35
612	41
613	33
614	40
615	47
616	34
617	39
618	50
619	39
620	38
621	39
622	40
623	28
624	37
625	36
626	34
627	42
628	31
629	32
630	45
631	36
632	38
633	32
634	28
635	41
636	29
637	35
638	31
639	24
640	45
641	25
642	31
643	35
644	46
645	32
646	42
647	38
648	39
649	38
650	37
651	43
652	43
653	26
654	42
655	37
656	36
657	33
658	48
659	45
660	41
661	34
662	36
663	33
664	39
665	34
666	48
667	36
668	30
669	30
670	27
671	37
672	33
673	42
674	35
675	37
676	33
677	35
678	28
679	28
680	28
681	30
682	34
683	34
684	32
685	33
686	30
687	34
688	39
689	36
690	31
691	27
692	34
693	36
694	36
695	43
696	37
697	32
698	41
699	36
700	27
701	36
702	44
703	44
704	38
705	34
706	44
707	29
708	38
709	35
710	31
711	25
712	35
713	31
714	27
715	39
716	37
717	31
718	30
719	25
720	26
721	33
722	37
723	35
724	28
725	33
726	29
727	27
728	28
729	38
730	29
731	32
732	25
733	29
734	38
735	26
736	38
737	42
738	28
739	31
740	27
741	28
742	32
743	39
744	32
745	31
746	42
747	33
748	35
749	33
750	20
751	27
752	32
753	33
754	38
755	40
756	31
757	38
758	35
759	33
760	37
761	46
762	44
763	25
764	33
765	45
766	35
767	31
768	31
769	28
770	28
771	27
772	27
773	34
774	33
775	38
776	31
777	27
778	42
779	28
780	28
781	28
782	24
783	35
784	26
785	33
786	25
787	36
788	30
789	24
790	36
791	43
792	26
793	35
794	28
795	38
796	41
797	22
798	26
799	22
800	28
801	24
802	37
803	29
804	24
805	34
806	35
807	37
808	30
809	41
810	32
811	32
812	21
813	37
814	39
815	35
816	30
817	27
818	28
819	30
820	30
821	37
822	23
823	30
824	30
825	36
826	24
827	33
828	32
829	31
830	33
831	28
832	34
833	29
834	29
835	42
836	27
837	28
838	36
839	33
840	33
841	34
842	32
843	41
844	36
845	31
846	26
847	26
848	31
849	26
850	27
851	32
852	32
853	26
854	37
855	26
856	40
857	25
858	28
859	35
860	23
861	32
862	32
863	33
864	30
865	22
866	35
867	43
868	29
869	23
870	30
871	28
872	31
873	41
874	21
875	35
876	35
877	23
878	37
879	35
880	35
881	23
882	34
883	27
884	32
885	25
886	28
887	32
888	27
889	28
890	22
891	36
892	28
893	31
894	25
895	19
896	26
897	31
898	30
899	21
900	26
901	30
902	25
903	28
904	24
905	22
906	25
907	31
908	25
909	32
910	32
911	25
912	36
913	31
914	34
915	33
916	28
917	24
918	24
919	26
920	23
921	39
922	26
923	25
924	32
925	20
926	18
927	24
928	18
929	24
930	25
931	22
932	32
933	29
934	24
935	26
936	24
937	28
938	38
939	32
940	23
941	25
942	24
943	28
944	33
945	41
946	31
947	28
948	34
949	23
950	35
951	30
952	35
953	28
954	41
955	18
956	30
957	20
958	29
959	23
960	28
961	32
962	21
963	28
964	27
965	34
966	42
967	29
968	22
969	27
970	25
971	26
972	21
973	24
974	27
975	32
976	28
977	32
978	33
979	22
980	28
981	24
982	22
983	35
984	29
985	35
986	26
987	26
988	36
989	21
990	27
991	28
992	27
993	29
994	31
995	18
996	28
997	28
998	21
999	31
1000	28
1001	36
1002	35
1003	38
1004	22
1005	24
1006	26
1007	26
1008	28
1009	33
1010	32
1011	23
1012	26
1013	20
1014	22
1015	29
1016	27
1017	26
1018	20
1019	19
1020	29
1021	16
1022	30
1023	27
1024	31
1025	23
1026	19
1027	29
1028	12
1029	19
1030	30
1031	32
1032	16
1033	32
1034	29
1035	27
1036	23
1037	35
1038	20
1039	27
1040	24
1041	25
1042	28
1043	21
1044	17
1045	19
1046	18
1047	24
1048	36
1049	17
1050	20
1051	35
1052	28
1053	30
1054	25
1055	27
1056	25
1057	30
1058	27
1059	21
1060	23
1061	24
1062	37
1063	24
1064	23
1065	16
1066	30
1067	21
1068	24
1069	24
1070	33
1071	24
1072	26
1073	30
1074	28
1075	23
1076	25
1077	24
1078	16
1079	28
1080	29
1081	27
1082	28
1083	23
1084	30
1085	28
1086	29
1087	21
1088	29
1089	25
1090	26
1091	34
1092	33
1093	30
1094	18
1095	28
1096	32
1097	31
1098	33
1099	27
1100	26
1101	14
1102	33
1103	37
1104	29
1105	27
1106	29
1107	26
1108	32
1109	24
1110	24
1111	44
1112	25
1113	31
1114	23
1115	46
1116	28
1117	33
1118	32
1119	34
1120	37
1121	29
1122	35
1123	28
1124	33
1125	34
1126	39
1127	28
1128	31
1129	27
1130	36
1131	46
1132	36
1133	39
1134	37
1135	41
1136	32
1137	35
1138	52
1139	38
1140	46
1141	40
1142	50
1143	43
1144	52
1145	34
1146	46
1147	50
1148	47
1149	49
1150	59
1151	51
1152	49
1153	59
1154	65
1155	64
1156	47
1157	64
1158	46
1159	61
1160	46
1161	54
1162	67
1163	67
1164	60
1165	60
1166	58
1167	67
1168	65
1169	64
1170	70
1171	53
1172	66
1173	54
1174	72
1175	68
1176	54
1177	58
1178	63
1179	61
1180	72
1181	63
1182	78
1183	85
1184	73
1185	66
1186	79
1187	77
1188	71
1189	59
1190	72
1191	74
1192	74
1193	67
1194	73
1195	63
1196	76
1197	77
1198	60
1199	72
1200	67
1201	79
1202	67
1203	74
1204	81
1205	74
1206	66
1207	76
1208	88
1209	86
1210	86
1211	81
1212	66
1213	67
1214	83
1215	72
1216	59
1217	76
1218	61
1219	54
1220	70
1221	70
1222	66
1223	63
1224	63
1225	60
1226	60
1227	52
1228	67
1229	62
1230	57
1231	54
1232	50
1233	57
1234	66
1235	57
1236	62
1237	63
1238	54
1239	59
1240	60
1241	61
1242	52
1243	53
1244	54
1245	51
1246	47
1247	47
1248	52
1249	43
1250	42
1251	49
1252	54
1253	50
1254	50
1255	35
1256	51
1257	40
1258	38
1259	39
1260	43
1261	36
1262	26
1263	42
1264	32
1265	28
1266	46
1267	42
1268	35
1269	32
1270	29
1271	35
1272	26
1273	36
1274	34
1275	37
1276	29
1277	31
1278	31
1279	28
1280	30
1281	33
1282	36
1283	37
1284	24
1285	32
1286	38
1287	31
1288	36
1289	30
1290	25
1291	29
1292	34
1293	25
1294	24
1295	21
1296	23
1297	24
1298	27
1299	26
1300	32
1301	20
1302	25
1303	23
1304	34
1305	21
1306	17
1307	24
1308	20
1309	24
1310	27
1311	25
1312	30
1313	24
1314	27
1315	19
1316	25
1317	15
1318	21
1319	28
1320	23
1321	17
1322	21
1323	23
1324	15
1325	23
1326	20
1327	26
1328	11
1329	30
1330	23
1331	21
1332	21
1333	18
1334	13
1335	23
1336	21
1337	28
1338	28
1339	21
1340	19
1341	18
1342	26
1343	9
1344	21
1345	21
1346	17
1347	26
1348	23
1349	23
1350	21
1351	24
1352	23
1353	22
1354	22
1355	16
1356	21
1357	14
1358	24
1359	23
1360	13
1361	23
1362	24
1363	24
1364	21
1365	27
1366	25
1367	16
1368	18
1369	16
1370	25
1371	23
1372	28
1373	15
1374	18
1375	26
1376	29
1377	26
1378	24
1379	18
1380	16
1381	10
1382	22
1383	30
1384	24
1385	16
1386	22
1387	22
1388	29
1389	18
1390	21
1391	22
1392	22
1393	23
1394	18
1395	19
1396	19
1397	17
1398	18
1399	23
1400	22
1401	25
1402	21
1403	24
1404	17
1405	22
1406	25
1407	26
1408	21
1409	18
1410	25
1411	15
1412	16
1413	21
1414	14
1415	16
1416	27
1417	28
1418	18
1419	20
1420	18
1421	26
1422	23
1423	20
1424	19
1425	23
1426	26
1427	20
1428	23
1429	18
1430	19
1431	20
1432	26
1433	17
1434	17
1435	18
1436	20
1437	14
1438	26
1439	18
1440	23
1441	22
1442	18
1443	24
1444	17
1445	12
1446	21
1447	18
1448	21
1449	20
1450	19
1451	21
1452	24
1453	19
1454	21
1455	17
1456	17
1457	27
1458	15
1459	15
1460	21
1461	26
1462	17
1463	24
1464	11
1465	16
1466	23
1467	17
1468	24
1469	20
1470	27
1471	29
1472	25
1473	24
1474	23
1475	13
1476	21
1477	26
1478	18
1479	22
1480	16
1481	22
1482	17
1483	15
1484	19
1485	15
1486	22
1487	20
1488	15
1489	16
1490	18
1491	22
1492	23
1493	24
1494	17
1495	21
1496	21
1497	16
1498	20
1499	16
1500	21
1501	16
1502	16
1503	17
1504	16
1505	16
1506	27
1507	22
1508	21
1509	17
1510	12
1511	24
1512	15
1513	22
1514	27
1515	19
1516	19
1517	23
1518	13
1519	18
1520	16
1521	21
1522	18
1523	23
1524	16
1525	23
1526	23
1527	30
1528	13
1529	19
1530	23
1531	18
1532	26
1533	22
1534	14
1535	19
1536	19
1537	20
1538	22
1539	20
1540	15
1541	15
1542	24
1543	23
1544	19
1545	20
1546	12
1547	21
1548	16
1549	25
1550	24
1551	18
1552	17
1553	14
1554	13
1555	12
1556	18
1557	19
1558	22
1559	20
1560	26
1561	15
1562	22
1563	19
1564	22
1565	18
1566	14
1567	15
1568	22
1569	20
1570	19
1571	18
1572	17
1573	17
1574	22
1575	18
1576	20
1577	21
1578	20
1579	21
1580	20
1581	19
1582	14
1583	18
1584	13
1585	18
1586	12
1587	20
1588	20
1589	21
1590	18
1591	15
1592	22
1593	10
1594	23
1595	18
1596	25
1597	10
1598	17
1599	11
1600	18
1601	24
1602	25
1603	12
1604	13
1605	19
1606	20
1607	23
1608	20
1609	22
1610	10
1611	18
1612	11
1613	20
1614	18
1615	17
1616	10
1617	23
1618	17
1619	16
1620	11
1621	20
1622	23
1623	11
1624	10
1625	22
1626	18
1627	14
1628	12
1629	18
1630	19
1631	21
1632	13
1633	26
1634	11
1635	22
1636	21
1637	23
1638	14
1639	17
1640	23
1641	24
1642	14
1643	21
1644	8
1645	20
1646	22
1647	14
1648	18
1649	18
1650	18
1651	22
1652	17
1653	16
1654	16
1655	13
1656	21
1657	24
1658	20
1659	16
1660	19
1661	16
1662	9
1663	14
1664	11
1665	21
1666	22
1667	17
1668	22
1669	14
1670	19
1671	12
1672	15
1673	8
1674	15
1675	19
1676	24
1677	14
1678	18
1679	17
1680	19
1681	13
1682	19
1683	20
1684	18
1685	24
1686	22
1687	19
1688	26
1689	23
1690	23
1691	20
1692	12
1693	21
1694	21
1695	21
1696	19
1697	13
1698	24
1699	17
1700	22
1701	16
1702	22
1703	25
1704	18
1705	14
1706	22
1707	16
1708	19
1709	18
1710	10
1711	13
1712	20
1713	23
1714	17
1715	12
1716	17
1717	21
1718	10
1719	12
1720	19
1721	23
1722	14
1723	14
1724	21
1725	14
1726	20
1727	15
1728	12
1729	17
1730	19
1731	18
1732	20
1733	19
1734	10
1735	18
1736	17
1737	14
1738	16
1739	23
1740	15
1741	20
1742	9
1743	6
1744	12
1745	18
1746	22
1747	15
1748	10
1749	23
1750	16
1751	13
1752	14
1753	15
1754	19
1755	13
1756	19
1757	18
1758	16
1759	11
1760	13
1761	17
1762	22
1763	18
1764	13
1765	17
1766	20
1767	17
1768	18
1769	22
1770	19
1771	24
1772	22
1773	19
1774	18
1775	13
1776	15
1777	21
1778	17
1779	15
1780	17
1781	23
1782	10
1783	12
1784	10
1785	13
1786	13
1787	15
1788	18
1789	17
1790	20
1791	17
1792	16
1793	19
1794	15
1795	12
1796	13
1797	19
1798	18
1799	18
1800	22
1801	13
1802	13
1803	16
1804	20
1805	10
1806	20
1807	12
1808	21
1809	15
1810	19
1811	17
1812	15
1813	19
1814	15
1815	16
1816	19
1817	10
1818	18
1819	24
1820	7
1821	13
1822	14
1823	12
1824	18
1825	13
1826	17
1827	16
1828	18
1829	15
1830	19
1831	15
1832	18
1833	16
1834	16
1835	21
1836	23
1837	13
1838	15
1839	14
1840	19
1841	17
1842	16
1843	22
1844	9
1845	18
1846	17
1847	17
1848	14
1849	19
1850	25
1851	12
1852	12
1853	21
1854	16
1855	18
1856	17
1857	10
1858	17
1859	15
1860	12
1861	14
1862	15
1863	18
1864	13
1865	16
1866	18
1867	21
1868	12
1869	14
1870	16
1871	17
1872	12
1873	10
1874	18
1875	9
1876	20
1877	14
1878	14
1879	17
1880	14
1881	13
1882	9
1883	20
1884	21
1885	20
1886	14
1887	13
1888	13
1889	22
1890	20
1891	16
1892	18
1893	24
1894	18
1895	22
1896	21
1897	18
1898	21
1899	18
1900	3
1901	19
1902	14
1903	14
1904	15
1905	13
1906	9
1907	17
1908	10
1909	16
1910	23
1911	16
1912	22
1913	19
1914	20
1915	19
1916	15
1917	18
1918	16
1919	13
1920	25
1921	13
1922	10
1923	10
1924	16
1925	22
1926	22
1927	14
1928	20
1929	15
1930	19
1931	14
1932	12
1933	23
1934	17
1935	15
1936	20
1937	16
1938	20
1939	20
1940	8
1941	15
1942	22
1943	19
1944	15
1945	15
1946	15
1947	24
1948	17
1949	22
1950	18
1951	14
1952	19
1953	27
1954	13
1955	23
1956	19
1957	20
1958	34
1959	33
1960	32
1961	22
1962	20
1963	22
1964	23
1965	24
1966	17
1967	19
1968	21
1969	22
1970	22
1971	28
1972	22
1973	31
1974	19
1975	24
1976	32
1977	26
1978	29
1979	28
1980	29
1981	38
1982	34
1983	34
1984	26
1985	33
1986	36
1987	28
1988	38
1989	26
1990	38
1991	40
1992	37
1993	32
1994	41
1995	38
1996	43
1997	42
1998	40
1999	45
2000	43
2001	31
2002	33
2003	62
2004	38
2005	43
2006	42
2007	30
2008	37
2009	40
2010	47
2011	56
2012	47
2013	45
2014	53
2015	46
2016	38
2017	44
2018	63
2019	66
2020	52
2021	51
2022	54
2023	49
2024	51
2025	57
2026	61
2027	43
2028	50
2029	52
2030	60
2031	55
2032	66
2033	56
2034	60
2035	60
2036	41
2037	60
2038	53
2039	49
2040	59
2041	57
2042	67
2043	59
2044	67
2045	57
2046	55
2047	59
2048	39
2049	56
2050	37
2051	43
2052	57
2053	62
2054	60
2055	74
2056	46
2057	65
2058	66
2059	66
2060	54
2061	53
2062	68
2063	54
2064	59
2065	60
2066	54
2067	50
2068	68
2069	54
2070	55
2071	47
2072	56
2073	63
2074	52
2075	63
2076	61
2077	73
2078	49
2079	53
2080	66
2081	51
2082	64
2083	47
2084	42
2085	45
2086	48
2087	44
2088	42
2089	40
2090	52
2091	49
2092	50
2093	50
2094	50
2095	44
2096	52
2097	47
2098	54
2099	38
2100	49
2101	45
2102	41
2103	26
2104	56
2105	48
2106	44
2107	39
2108	46
2109	68
2110	54
2111	61
2112	49
2113	51
2114	43
2115	54
2116	49
2117	33
2118	48
2119	50
2120	57
2121	38
2122	49
2123	47
2124	41
2125	53
2126	43
2127	48
2128	46
2129	49
2130	57
2131	59
2132	53
2133	45
2134	46
2135	54
2136	44
2137	43
2138	54
2139	41
2140	57
2141	53
2142	56
2143	53
2144	65
2145	52
2146	43
2147	51
2148	48
2149	44
2150	55
2151	44
2152	62
2153	59
2154	59
2155	66
2156	63
2157	50
2158	65
2159	60
2160	60
2161	59
2162	67
2163	54
2164	57
2165	38
2166	59
2167	65
2168	54
2169	69
2170	50
2171	68
2172	63
2173	65
2174	57
2175	59
2176	68
2177	59
2178	63
2179	55
2180	56
2181	59
2182	59
2183	58
2184	68
2185	59
2186	60
2187	68
2188	63
2189	42
2190	63
2191	61
2192	57
2193	61
2194	56
2195	61
2196	57
2197	52
2198	48
2199	53
2200	55
2201	55
2202	49
2203	46
2204	57
2205	56
2206	53
2207	41
2208	51
2209	44
2210	47
2211	53
2212	50
2213	50
2214	47
2215	56
2216	45
2217	42
2218	48
2219	54
2220	54
2221	41
2222	33
2223	38
2224	46
2225	41
2226	39
2227	44
2228	43
2229	31
2230	39
2231	43
2232	41
2233	39
2234	37
2235	29
2236	44
2237	28
2238	38
2239	38
2240	27
2241	43
2242	41
2243	27
2244	32
2245	26
2246	43
2247	42
2248	33
2249	36
2250	27
2251	48
2252	33
2253	30
2254	33
2255	25
2256	29
2257	37
2258	24
2259	27
2260	29
2261	37
2262	29
2263	35
2264	28
2265	17
2266	27
2267	27
2268	29
2269	27
2270	26
2271	28
2272	31
2273	36
2274	39
2275	18
2276	42
2277	23
2278	29
2279	41
2280	36
2281	34
2282	29
2283	28
2284	37
2285	24
2286	30
2287	28
2288	39
2289	24
2290	31
2291	28
2292	35
2293	31
2294	21
2295	30
2296	27
2297	25
2298	34
2299	34
2300	37
2301	37
2302	37
2303	31
2304	41
2305	36
2306	28
2307	36
2308	35
2309	30
2310	36
2311	31
2312	36
2313	39
2314	31
2315	25
2316	46
2317	35
2318	43
2319	36
2320	43
2321	37
2322	35
2323	33
2324	38
2325	28
2326	30
2327	32
2328	46
2329	37
2330	40
2331	36
2332	31
2333	31
2334	45
2335	36
2336	45
2337	36
2338	24
2339	39
2340	36
2341	43
2342	36
2343	45
2344	42
2345	34
2346	32
2347	37
2348	34
2349	41
2350	43
2351	38
2352	44
2353	42
2354	41
2355	40
2356	45
2357	38
2358	26
2359	42
2360	26
2361	36
2362	46
2363	41
2364	43
2365	35
2366	35
2367	37
2368	33
2369	35
2370	34
2371	35
2372	30
2373	42
2374	26
2375	24
2376	39
2377	27
2378	40
2379	42
2380	25
2381	20
2382	25
2383	29
2384	33
2385	32
2386	26
2387	24
2388	27
2389	28
2390	27
2391	26
2392	30
2393	28
2394	26
2395	23
2396	27
2397	30
2398	19
2399	27
2400	26
2401	21
2402	25
2403	21
2404	19
2405	29
2406	12
2407	19
2408	21
2409	18
2410	28
2411	22
2412	21
2413	14
2414	22
2415	17
2416	20
2417	20
2418	25
2419	19
2420	22
2421	23
2422	23
2423	22
2424	13
2425	21
2426	21
2427	24
2428	11
2429	21
2430	16
2431	18
2432	22
2433	11
2434	13
2435	17
2436	19
2437	8
2438	18
2439	18
2440	18
2441	13
2442	19
2443	13
2444	15
2445	11
2446	12
2447	20
2448	14
2449	18
2450	17
2451	13
2452	9
2453	16
2454	16
2455	13
2456	15
2457	13
2458	18
2459	12
2460	18
2461	13
2462	14
2463	9
2464	16
2465	7
2466	10
2467	20
2468	16
2469	13
2470	12
2471	6
2472	11
2473	15
2474	15
2475	15
2476	12
2477	14
2478	17
2479	18
2480	12
2481	7
2482	17
2483	14
2484	13
2485	10
2486	13
2487	11
2488	10
2489	10
2490	17
2491	20
2492	20
2493	9
2494	11
2495	14
2496	11
2497	20
2498	15
2499	13
2500	12
2501	8
2502	13
2503	18
2504	8
2505	12
2506	4
2507	11
2508	10
2509	10
2510	16
2511	14
2512	10
2513	10
2514	10
2515	9
2516	16
2517	6
2518	17
2519	14
2520	16
2521	8
2522	17
2523	15
2524	8
2525	12
2526	6
2527	22
2528	7
2529	9
2530	8
2531	7
2532	8
2533	10
2534	12
2535	11
2536	9
2537	5
2538	9
2539	16
2540	5
2541	7
2542	12
2543	12
2544	8
2545	9
2546	10
2547	9
2548	14
2549	12
2550	7
2551	17
2552	11
2553	13
2554	15
2555	10
2556	15
2557	13
2558	15
2559	12
2560	11
2561	5
2562	9
2563	11
2564	15
2565	8
2566	12
2567	12
2568	9
2569	18
2570	14
2571	8
2572	16
2573	16
2574	10
2575	15
2576	12
2577	10
2578	6
2579	10
2580	10
2581	13
2582	5
2583	11
2584	12
2585	10
2586	13
2587	10
2588	10
2589	11
2590	19
2591	10
2592	9
2593	12
2594	18
2595	14
2596	15
2597	11
2598	12
2599	17
2600	11
2601	14
2602	15
2603	18
2604	16
2605	15
2606	10
2607	16
2608	13
2609	14
2610	10
2611	4
2612	12
2613	10
2614	10
2615	10
2616	17
2617	12
2618	12
2619	10
2620	13
2621	12
2622	13
2623	7
2624	11
2625	6
2626	13
2627	10
2628	11
2629	8
2630	6
2631	8
2632	10
2633	3
2634	9
2635	6
2636	14
2637	13
2638	11
2639	12
2640	9
2641	9
2642	12
2643	12
2644	8
2645	13
2646	13
2647	10
2648	9
2649	15
2650	10
2651	10
2652	7
2653	12
2654	9
2655	17
2656	16
2657	11
2658	11
2659	11
2660	10
2661	16
2662	10
2663	11
2664	6
2665	7
2666	11
2667	19
2668	11
2669	14
2670	16
2671	13
2672	14
2673	14
2674	13
2675	13
2676	8
2677	9
2678	10
2679	9
2680	12
2681	18
2682	13
2683	16
2684	13
2685	9
2686	7
2687	23
2688	13
2689	16
2690	8
2691	11
2692	18
2693	19
2694	17
2695	15
2696	10
2697	12
2698	17
2699	15
2700	11
2701	16
2702	9
2703	19
2704	17
2705	17
2706	17
2707	18
2708	18
2709	15
2710	8
2711	22
2712	7
2713	24
2714	15
2715	26
2716	18
2717	17
2718	21
2719	24
2720	28
2721	21
2722	19
2723	21
2724	25
2725	16
2726	23
2727	27
2728	22
2729	22
2730	23
2731	22
2732	33
2733	26
2734	25
2735	21
2736	37
2737	28
2738	38
2739	34
2740	35
2741	32
2742	39
2743	30
2744	25
2745	33
2746	30
2747	35
2748	32
2749	32
2750	32
2751	32
2752	29
2753	35
2754	34
2755	39
2756	37
2757	20
2758	39
2759	46
2760	42
2761	38
2762	43
2763	40
2764	45
2765	29
2766	43
2767	46
2768	38
2769	43
2770	42
2771	55
2772	37
2773	56
2774	50
2775	53
2776	46
2777	54
2778	41
2779	56
2780	52
2781	59
2782	53
2783	47
2784	54
2785	63
2786	44
2787	53
2788	58
2789	39
2790	51
2791	50
2792	50
2793	51
2794	45
2795	43
2796	36
2797	54
2798	41
2799	68
2800	72
2801	51
2802	54
2803	60
2804	50
2805	70
2806	55
2807	53
2808	55
2809	52
2810	63
2811	53
2812	40
2813	56
2814	59
2815	44
2816	48
2817	55
2818	57
2819	51
2820	55
2821	52
2822	53
2823	38
2824	39
2825	60
2826	60
2827	54
2828	53
2829	54
2830	47
2831	33
2832	42
2833	48
2834	38
2835	41
2836	54
2837	51
2838	53
2839	52
2840	37
2841	36
2842	28
2843	40
2844	40
2845	44
2846	37
2847	41
2848	38
2849	40
2850	48
2851	20
2852	34
2853	32
2854	29
2855	39
2856	28
2857	38
2858	28
2859	28
2860	28
2861	29
2862	24
2863	36
2864	22
2865	31
2866	34
2867	43
2868	33
2869	35
2870	21
2871	38
2872	32
2873	33
2874	28
2875	32
2876	26
2877	30
2878	32
2879	24
2880	39
2881	31
2882	28
2883	37
2884	29
2885	43
2886	35
2887	42
2888	32
2889	46
2890	41
2891	40
2892	44
2893	48
2894	42
2895	48
2896	53
2897	53
2898	63
2899	51
2900	49
2901	58
2902	54
2903	61
2904	60
2905	60
2906	58
2907	82
2908	62
2909	68
2910	80
2911	77
2912	73
2913	77
2914	76
2915	79
2916	66
2917	92
2918	92
2919	97
2920	107
2921	90
2922	90
2923	97
2924	106
2925	85
2926	89
2927	105
2928	88
2929	110
2930	109
2931	92
2932	99
2933	121
2934	127
2935	91
2936	84
2937	106
2938	104
2939	107
2940	101
2941	114
2942	107
2943	122
2944	105
2945	102
2946	109
2947	97
2948	102
2949	115
2950	106
2951	94
2952	93
2953	91
2954	105
2955	100
2956	90
2957	102
2958	91
2959	90
2960	81
2961	83
2962	75
2963	87
2964	85
2965	78
2966	79
2967	59
2968	66
2969	67
2970	66
2971	68
2972	60
2973	57
2974	55
2975	65
2976	70
2977	63
2978	57
2979	53
2980	42
2981	53
2982	43
2983	42
2984	41
2985	43
2986	23
2987	38
2988	35
2989	40
2990	33
2991	31
2992	20
2993	29
2994	29
2995	19
2996	18
2997	27
2998	21
2999	18
3000	22
3001	22
3002	21
3003	21
3004	22
3005	20
3006	21
3007	18
3008	15
3009	17
3010	16
3011	19
3012	14
3013	12
3014	20
3015	11
3016	14
3017	10
3018	17
3019	16
3020	8
3021	8
3022	13
3023	9
3024	11
3025	13
3026	18
3027	9
3028	9
3029	11
3030	3
3031	10
3032	12
3033	11
3034	6
3035	15
3036	8
3037	14
3038	5
3039	13
3040	6
3041	5
3042	9
3043	7
3044	11
3045	5
3046	8
3047	8
3048	14
3049	9
3050	8
3051	9
3052	10
3053	8
3054	11
3055	14
3056	10
3057	17
3058	8
3059	4
3060	16
3061	11
3062	5
3063	6
3064	14
3065	8
3066	8
3067	7
3068	6
3069	9
3070	6
3071	8
3072	10
3073	9
3074	12
3075	3
3076	8
3077	11
3078	9
3079	9
3080	9
3081	17
3082	9
3083	9
3084	7
3085	13
3086	6
3087	7
3088	10
3089	13
3090	6
3091	14
3092	7
3093	9
3094	13
3095	8
3096	11
3097	6
3098	8
3099	7
3100	11
3101	9
3102	7
3103	7
3104	4
3105	4
3106	14
3107	9
3108	9
3109	10
3110	6
3111	10
3112	13
3113	10
3114	9
3115	7
3116	7
3117	10
3118	9
3119	8
3120	6
3121	4
3122	6
3123	8
3124	12
3125	5
3126	5
3127	7
3128	9
3129	12
3130	10
3131	13
3132	11
3133	7
3134	6
3135	10
3136	8
3137	8
3138	6
3139	12
3140	11
3141	10
3142	5
3143	9
3144	9
3145	15
3146	11
3147	7
3148	6
3149	9
3150	3
3151	7
3152	8
3153	11
3154	10
3155	10
3156	9
3157	8
3158	10
3159	10
3160	11
3161	9
3162	15
3163	6
3164	7
3165	8
3166	10
3167	6
3168	9
3169	4
3170	7
3171	9
3172	17
3173	11
3174	10
3175	13
3176	9
3177	7
3178	5
3179	12
3180	15
3181	11
3182	12
3183	10
3184	11
3185	15
3186	10
3187	10
3188	6
3189	8
3190	8
3191	6
3192	9
3193	9
3194	10
3195	10
3196	12
3197	4
3198	16
3199	13
3200	14
3201	6
3202	9
3203	7
3204	14
3205	12
3206	8
3207	5
3208	9
3209	12
3210	8
3211	10
3212	5
3213	8
3214	6
3215	10
3216	7
3217	6
3218	5
3219	12
3220	8
3221	8
3222	8
3223	8
3224	15
3225	9
3226	8
3227	4
3228	6
3229	5
3230	8
3231	7
3232	7
3233	7
3234	11
3235	7
3236	9
3237	10
3238	10
3239	10
3240	9
3241	10
3242	7
3243	16
3244	7
3245	8
3246	12
3247	7
3248	5
3249	9
3250	6
3251	7
3252	5
3253	7
3254	7
3255	7
3256	8
3257	9
3258	13
3259	5
3260	9
3261	5
3262	9
3263	9
3264	7
3265	9
3266	8
3267	5
3268	12
3269	7
3270	13
3271	8
3272	13
3273	7
3274	7
3275	8
3276	7
3277	7
3278	8
3279	13
3280	5
3281	10
3282	9
3283	7
3284	12
3285	2
3286	10
3287	7
3288	11
3289	10
3290	10
3291	5
3292	4
3293	10
3294	6
3295	8
3296	17
3297	7
3298	5
3299	11
3300	8
3301	6
3302	7
3303	9
3304	10
3305	8
3306	7
3307	7
3308	5
3309	8
3310	8
3311	10
3312	6
3313	6
3314	8
3315	7
3316	7
3317	12
3318	7
3319	10
3320	4
3321	8
3322	9
3323	11
3324	9
3325	14
3326	12
3327	10
3328	5
3329	8
3330	10
3331	5
3332	9
3333	8
3334	7
3335	9
3336	9
3337	8
3338	11
3339	12
3340	6
3341	14
3342	8
3343	11
3344	10
3345	7
3346	9
3347	11
3348	10
3349	9
3350	6
3351	14
3352	5
3353	7
3354	7
3355	6
3356	11
3357	6
3358	7
3359	7
3360	15
3361	11
3362	12
3363	6
3364	6
3365	4
3366	10
3367	5
3368	10
3369	5
3370	5
3371	9
3372	4
3373	8
3374	6
3375	10
3376	8
3377	8
3378	12
3379	9
3380	6
3381	6
3382	9
3383	7
3384	9
3385	9
3386	9
3387	10
3388	10
3389	9
3390	3
3391	8
3392	9
3393	6
3394	5
3395	5
3396	9
3397	8
3398	7
3399	7
3400	6
3401	7
3402	5
3403	9
3404	11
3405	9
3406	17
3407	9
3408	7
3409	5
3410	6
3411	9
3412	6
3413	12
3414	7
3415	5
3416	7
3417	11
3418	7
3419	8
3420	8
3421	7
3422	10
3423	6
3424	6
3425	7
3426	7
3427	16
3428	9
3429	9
3430	4
3431	13
3432	13
3433	10
3434	11
3435	9
3436	5
3437	5
3438	8
3439	7
3440	10
3441	7
3442	10
3443	12
3444	8
3445	11
3446	5
3447	6
3448	13
3449	10
3450	11
3451	9
3452	10
3453	10
3454	9
3455	10
3456	7
3457	11
3458	10
3459	6
3460	6
3461	7
3462	8
3463	11
3464	4
3465	5
3466	6
3467	8
3468	5
3469	3
3470	5
3471	7
3472	7
3473	8
3474	11
3475	5
3476	12
3477	9
3478	7
3479	10
3480	9
3481	12
3482	6
3483	5
3484	14
3485	11
3486	7
3487	5
3488	9
3489	8
3490	11
3491	8
3492	9
3493	6
3494	5
3495	14
3496	9
3497	7
3498	2
3499	9
3500	8
3501	12
3502	8
3503	8
3504	7
3505	6
3506	6
3507	5
3508	9
3509	9
3510	4
3511	2
3512	11
3513	4
3514	6
3515	6
3516	10
3517	6
3518	8
3519	5
3520	8
3521	5
3522	5
3523	13
3524	5
3525	8
3526	5
3527	5
3528	5
3529	8
3530	5
3531	5
3532	9
3533	7
3534	5
3535	10
3536	10
3537	7
3538	7
3539	5
3540	6
3541	11
3542	9
3543	6
3544	8
3545	6
3546	7
3547	11
3548	10
3549	14
3550	7
3551	8
3552	5
3553	7
3554	5
3555	13
3556	11
3557	8
3558	7
3559	8
3560	4
3561	13
3562	5
3563	3
3564	11
3565	4
3566	7
3567	6
3568	11
3569	8
3570	12
3571	4
3572	10
3573	8
3574	7
3575	6
3576	14
3577	8
3578	5
3579	7
3580	10
3581	10
3582	12
3583	6
3584	11
3585	9
3586	8
3587	9
3588	12
3589	5
3590	10
3591	9
3592	1
3593	7
3594	8
3595	10
3596	7
3597	5
3598	7
3599	3
3600	6
3601	7
3602	8
3603	12
3604	0
3605	6
3606	6
3607	9
3608	10
3609	7
3610	7
3611	6
3612	9
3613	4
3614	5
3615	10
3616	8
3617	4
3618	6
3619	3
3620	10
3621	5
3622	9
3623	10
3624	3
3625	6
3626	3
3627	6
3628	7
3629	5
3630	5
3631	7
3632	7
3633	8
3634	11
3635	11
3636	7
3637	11
3638	9
3639	9
3640	10
3641	7
3642	6
3643	10
3644	7
3645	8
3646	6
3647	8
3648	11
3649	9
3650	7
3651	9
3652	4
3653	3
3654	10
3655	8
3656	7
3657	6
3658	12
3659	10
3660	10
3661	5
3662	5
3663	12
3664	9
3665	6
3666	5
3667	6
3668	8
3669	8
3670	5
3671	7
3672	10
3673	6
3674	5
3675	7
3676	9
3677	2
3678	13
3679	8
3680	4
3681	10
3682	9
3683	9
3684	13
3685	9
3686	10
3687	5
3688	4
3689	9
3690	8
3691	5
3692	8
3693	6
3694	4
3695	6
3696	2
3697	7
3698	4
3699	8
3700	8
3701	6
3702	8
3703	8
3704	7
3705	6
3706	9
3707	4
3708	8
3709	9
3710	8
3711	7
3712	10
3713	7
3714	6
3715	6
3716	10
3717	3
3718	3
3719	8
3720	7
3721	3
3722	7
3723	6
3724	5
3725	7
3726	7
3727	6
3728	11
3729	8
3730	9
3731	4
3732	11
3733	5
3734	7
3735	9
3736	8
3737	2
3738	7
3739	7
3740	5
3741	8
3742	9
3743	9
3744	5
3745	5
3746	8
3747	7
3748	4
3749	4
3750	12
3751	11
3752	7
3753	6
3754	4
3755	7
3756	14
3757	8
3758	17
3759	3
3760	10
3761	9
3762	10
3763	5
3764	5
3765	6
3766	6
3767	9
3768	7
3769	6
3770	5
3771	5
3772	9
3773	13
3774	12
3775	4
3776	4
3777	8
3778	9
3779	9
3780	5
3781	5
3782	10
3783	7
3784	6
3785	6
3786	4
3787	8
3788	9
3789	5
3790	10
3791	6
3792	11
3793	6
3794	9
3795	6
3796	15
3797	8
3798	7
3799	7
3800	10
3801	6
3802	2
3803	4
3804	4
3805	5
3806	8
3807	5
3808	4
3809	3
3810	6
3811	6
3812	10
3813	4
3814	8
3815	8
3816	7
3817	12
3818	9
3819	9
3820	9
3821	5
3822	2
3823	7
3824	1
3825	2
3826	9
3827	4
3828	4
3829	3
3830	8
3831	11
3832	9
3833	6
3834	5
3835	12
3836	13
3837	11
3838	4
3839	12
3840	8
3841	8
3842	8
3843	8
3844	4
3845	7
3846	8
3847	6
3848	8
3849	3
3850	6
3851	4
3852	9
3853	7
3854	9
3855	5
3856	7
3857	8
3858	2
3859	6
3860	11
3861	4
3862	6
3863	9
3864	8
3865	7
3866	8
3867	7
3868	12
3869	8
3870	5
3871	4
3872	9
3873	7
3874	9
3875	5
3876	7
3877	5
3878	8
3879	5
3880	2
3881	9
3882	9
3883	7
3884	8
3885	12
3886	8
3887	6
3888	6
3889	7
3890	3
3891	7
3892	11
3893	6
3894	8
3895	9
3896	5
3897	7
3898	8
3899	4
3900	7
3901	7
3902	5
3903	12
3904	7
3905	8
3906	8
3907	7
3908	9
3909	3
3910	7
3911	5
3912	11
3913	12
3914	8
3915	5
3916	8
3917	7
3918	7
3919	10
3920	6
3921	8
3922	9
3923	11
3924	3
3925	8
3926	6
3927	6
3928	9
3929	7
3930	8
3931	5
3932	5
3933	8
3934	7
3935	5
3936	1
3937	8
3938	6
3939	3
3940	4
3941	7
3942	4
3943	7
3944	5
3945	7
3946	6
3947	4
3948	4
3949	7
3950	6
3951	6
3952	11
3953	4
3954	4
3955	11
3956	2
3957	6
3958	6
3959	5
3960	7
3961	8
3962	6
3963	11
3964	4
3965	4
3966	4
3967	5
3968	5
3969	10
3970	6
3971	5
3972	1
3973	9
3974	10
3975	4
3976	7
3977	7
3978	4
3979	5
3980	3
3981	4
3982	7
3983	8
3984	9
3985	11
3986	6
3987	7
3988	10
3989	7
3990	9
3991	6
3992	3
3993	6
3994	10
3995	12
3996	7
3997	3
3998	6
3999	4
4000	9
