Chanel		intensity
1	110
2	117
3	102
4	124
5	126
6	126
7	104
8	104
9	102
10	114
11	97
12	96
13	85
14	113
15	93
16	100
17	109
18	94
19	98
20	116
21	98
22	100
23	109
24	107
25	103
26	102
27	112
28	110
29	88
30	94
31	98
32	99
33	93
34	95
35	107
36	92
37	86
38	83
39	98
40	100
41	80
42	84
43	90
44	94
45	80
46	84
47	91
48	82
49	73
50	59
51	88
52	88
53	89
54	93
55	87
56	90
57	77
58	94
59	91
60	87
61	76
62	70
63	62
64	79
65	81
66	90
67	64
68	81
69	82
70	96
71	86
72	83
73	72
74	79
75	79
76	76
77	67
78	81
79	88
80	70
81	68
82	62
83	81
84	90
85	69
86	80
87	90
88	73
89	67
90	61
91	77
92	81
93	67
94	81
95	60
96	66
97	79
98	61
99	78
100	66
101	59
102	74
103	67
104	60
105	71
106	73
107	81
108	89
109	70
110	60
111	62
112	68
113	64
114	57
115	81
116	70
117	64
118	45
119	56
120	72
121	57
122	55
123	60
124	78
125	58
126	44
127	52
128	64
129	50
130	60
131	67
132	54
133	54
134	52
135	73
136	64
137	57
138	67
139	57
140	47
141	50
142	47
143	59
144	66
145	60
146	45
147	45
148	56
149	61
150	54
151	56
152	44
153	57
154	33
155	55
156	56
157	44
158	67
159	60
160	57
161	50
162	56
163	52
164	54
165	52
166	53
167	57
168	66
169	48
170	54
171	43
172	51
173	42
174	51
175	50
176	38
177	42
178	58
179	49
180	54
181	57
182	55
183	58
184	50
185	51
186	52
187	41
188	39
189	52
190	50
191	40
192	45
193	58
194	43
195	50
196	51
197	55
198	55
199	53
200	50
201	28
202	42
203	45
204	41
205	46
206	35
207	44
208	52
209	57
210	45
211	43
212	42
213	50
214	40
215	51
216	43
217	52
218	38
219	38
220	57
221	43
222	48
223	35
224	45
225	47
226	41
227	40
228	37
229	40
230	30
231	41
232	28
233	47
234	43
235	28
236	39
237	32
238	33
239	39
240	33
241	40
242	33
243	39
244	33
245	34
246	34
247	32
248	41
249	36
250	47
251	36
252	41
253	43
254	41
255	46
256	31
257	33
258	42
259	37
260	37
261	31
262	31
263	32
264	31
265	36
266	35
267	37
268	40
269	26
270	36
271	21
272	47
273	28
274	28
275	38
276	30
277	31
278	24
279	26
280	37
281	31
282	30
283	29
284	35
285	37
286	36
287	41
288	32
289	30
290	22
291	30
292	27
293	29
294	35
295	22
296	25
297	39
298	23
299	31
300	24
301	31
302	32
303	36
304	37
305	20
306	34
307	30
308	40
309	40
310	25
311	28
312	29
313	32
314	37
315	36
316	26
317	31
318	31
319	28
320	43
321	34
322	34
323	30
324	42
325	26
326	32
327	30
328	25
329	28
330	29
331	39
332	31
333	17
334	27
335	25
336	22
337	19
338	33
339	28
340	16
341	25
342	23
343	25
344	27
345	25
346	34
347	24
348	33
349	29
350	20
351	31
352	23
353	28
354	36
355	17
356	21
357	22
358	32
359	22
360	32
361	29
362	24
363	25
364	27
365	23
366	25
367	29
368	32
369	27
370	20
371	18
372	27
373	29
374	21
375	22
376	32
377	12
378	23
379	22
380	29
381	18
382	33
383	17
384	24
385	29
386	16
387	26
388	26
389	24
390	23
391	29
392	27
393	27
394	21
395	20
396	25
397	23
398	19
399	24
400	23
401	18
402	23
403	29
404	26
405	26
406	23
407	19
408	22
409	26
410	30
411	25
412	25
413	23
414	19
415	15
416	11
417	23
418	17
419	33
420	17
421	22
422	21
423	16
424	21
425	29
426	36
427	24
428	25
429	14
430	24
431	21
432	17
433	13
434	21
435	20
436	25
437	24
438	18
439	24
440	12
441	22
442	24
443	17
444	27
445	22
446	21
447	20
448	32
449	23
450	26
451	28
452	13
453	20
454	23
455	10
456	21
457	26
458	16
459	16
460	23
461	14
462	23
463	15
464	13
465	13
466	24
467	14
468	20
469	16
470	26
471	23
472	12
473	15
474	15
475	24
476	17
477	25
478	26
479	10
480	13
481	22
482	27
483	21
484	19
485	14
486	10
487	9
488	20
489	17
490	21
491	21
492	13
493	16
494	20
495	18
496	25
497	15
498	14
499	17
500	15
501	20
502	20
503	17
504	16
505	20
506	7
507	15
508	18
509	9
510	17
511	20
512	17
513	15
514	16
515	12
516	24
517	10
518	21
519	17
520	15
521	17
522	21
523	16
524	15
525	18
526	24
527	23
528	16
529	12
530	20
531	15
532	23
533	12
534	18
535	23
536	12
537	13
538	17
539	14
540	21
541	17
542	14
543	14
544	17
545	20
546	16
547	17
548	17
549	14
550	14
551	15
552	17
553	15
554	14
555	13
556	15
557	15
558	11
559	11
560	21
561	21
562	14
563	14
564	18
565	11
566	21
567	14
568	13
569	16
570	20
571	12
572	12
573	18
574	13
575	14
576	18
577	13
578	13
579	14
580	18
581	15
582	10
583	13
584	14
585	18
586	14
587	17
588	12
589	14
590	11
591	10
592	20
593	16
594	9
595	17
596	15
597	10
598	12
599	17
600	10
601	8
602	14
603	11
604	14
605	10
606	9
607	9
608	13
609	19
610	14
611	12
612	13
613	16
614	14
615	18
616	12
617	15
618	17
619	12
620	12
621	21
622	12
623	13
624	15
625	9
626	15
627	10
628	11
629	14
630	11
631	12
632	13
633	14
634	15
635	22
636	15
637	15
638	14
639	18
640	10
641	18
642	10
643	13
644	15
645	16
646	14
647	8
648	10
649	9
650	11
651	15
652	12
653	13
654	13
655	10
656	5
657	13
658	15
659	14
660	10
661	18
662	14
663	9
664	13
665	15
666	15
667	14
668	8
669	14
670	9
671	7
672	14
673	11
674	16
675	14
676	16
677	20
678	13
679	11
680	12
681	12
682	12
683	16
684	3
685	17
686	7
687	11
688	18
689	18
690	17
691	11
692	10
693	20
694	7
695	11
696	14
697	6
698	12
699	14
700	12
701	14
702	13
703	13
704	17
705	6
706	14
707	13
708	13
709	20
710	19
711	18
712	13
713	12
714	16
715	12
716	8
717	1
718	13
719	11
720	9
721	11
722	10
723	12
724	14
725	13
726	9
727	8
728	13
729	5
730	4
731	12
732	12
733	11
734	11
735	11
736	15
737	2
738	9
739	6
740	17
741	11
742	10
743	9
744	9
745	13
746	14
747	6
748	13
749	16
750	15
751	15
752	9
753	9
754	10
755	6
756	10
757	7
758	15
759	8
760	17
761	14
762	10
763	15
764	7
765	12
766	9
767	9
768	10
769	9
770	11
771	11
772	10
773	12
774	12
775	8
776	7
777	13
778	12
779	6
780	11
781	10
782	12
783	3
784	13
785	14
786	8
787	11
788	8
789	12
790	13
791	12
792	14
793	9
794	12
795	6
796	6
797	18
798	11
799	16
800	16
801	16
802	11
803	12
804	10
805	6
806	6
807	16
808	5
809	4
810	10
811	13
812	12
813	8
814	7
815	10
816	9
817	9
818	5
819	12
820	10
821	13
822	6
823	11
824	10
825	10
826	18
827	16
828	11
829	12
830	16
831	15
832	10
833	15
834	10
835	16
836	12
837	11
838	14
839	10
840	13
841	12
842	12
843	7
844	14
845	12
846	14
847	11
848	16
849	10
850	7
851	10
852	10
853	11
854	14
855	9
856	11
857	8
858	3
859	11
860	12
861	7
862	8
863	8
864	12
865	13
866	8
867	10
868	10
869	12
870	9
871	4
872	13
873	8
874	14
875	6
876	9
877	15
878	9
879	10
880	19
881	10
882	12
883	10
884	9
885	16
886	7
887	10
888	6
889	11
890	10
891	3
892	12
893	10
894	18
895	5
896	9
897	10
898	6
899	7
900	11
901	13
902	7
903	7
904	10
905	8
906	8
907	10
908	13
909	6
910	10
911	19
912	13
913	11
914	16
915	10
916	6
917	6
918	8
919	13
920	13
921	9
922	7
923	14
924	5
925	12
926	13
927	13
928	13
929	7
930	13
931	13
932	14
933	10
934	9
935	11
936	8
937	12
938	12
939	11
940	9
941	10
942	9
943	8
944	10
945	4
946	6
947	11
948	8
949	12
950	15
951	6
952	16
953	13
954	17
955	9
956	11
957	9
958	10
959	10
960	12
961	9
962	8
963	7
964	9
965	12
966	12
967	7
968	8
969	9
970	12
971	4
972	10
973	14
974	14
975	11
976	7
977	6
978	9
979	5
980	10
981	11
982	11
983	11
984	8
985	9
986	11
987	9
988	8
989	13
990	15
991	15
992	5
993	9
994	10
995	7
996	13
997	8
998	7
999	4
1000	10
1001	10
1002	12
1003	12
1004	7
1005	7
1006	9
1007	14
1008	13
1009	6
1010	9
1011	6
1012	16
1013	7
1014	12
1015	11
1016	15
1017	11
1018	8
1019	7
1020	14
1021	8
1022	15
1023	7
1024	10
1025	7
1026	10
1027	6
1028	8
1029	11
1030	14
1031	8
1032	15
1033	14
1034	13
1035	12
1036	9
1037	6
1038	13
1039	17
1040	16
1041	11
1042	7
1043	8
1044	11
1045	8
1046	7
1047	7
1048	9
1049	9
1050	12
1051	6
1052	9
1053	11
1054	11
1055	10
1056	7
1057	8
1058	7
1059	6
1060	8
1061	12
1062	7
1063	8
1064	9
1065	8
1066	7
1067	6
1068	8
1069	12
1070	14
1071	12
1072	11
1073	10
1074	14
1075	9
1076	7
1077	10
1078	10
1079	6
1080	12
1081	10
1082	14
1083	9
1084	13
1085	7
1086	12
1087	7
1088	11
1089	13
1090	14
1091	9
1092	10
1093	13
1094	14
1095	12
1096	9
1097	9
1098	7
1099	17
1100	10
1101	13
1102	19
1103	12
1104	9
1105	13
1106	11
1107	13
1108	12
1109	10
1110	6
1111	13
1112	5
1113	10
1114	8
1115	12
1116	8
1117	5
1118	10
1119	12
1120	7
1121	13
1122	10
1123	4
1124	10
1125	7
1126	11
1127	7
1128	8
1129	11
1130	16
1131	14
1132	11
1133	9
1134	10
1135	7
1136	12
1137	1
1138	11
1139	8
1140	12
1141	7
1142	9
1143	11
1144	6
1145	8
1146	9
1147	9
1148	4
1149	8
1150	12
1151	6
1152	10
1153	6
1154	12
1155	12
1156	6
1157	6
1158	13
1159	9
1160	11
1161	11
1162	4
1163	7
1164	6
1165	8
1166	14
1167	11
1168	15
1169	11
1170	7
1171	5
1172	14
1173	5
1174	7
1175	7
1176	6
1177	8
1178	6
1179	13
1180	6
1181	7
1182	10
1183	6
1184	8
1185	12
1186	5
1187	8
1188	6
1189	10
1190	9
1191	11
1192	9
1193	7
1194	11
1195	7
1196	13
1197	10
1198	5
1199	8
1200	6
1201	9
1202	7
1203	9
1204	13
1205	7
1206	11
1207	7
1208	11
1209	4
1210	9
1211	8
1212	14
1213	7
1214	9
1215	10
1216	7
1217	6
1218	13
1219	14
1220	5
1221	8
1222	8
1223	15
1224	11
1225	4
1226	7
1227	10
1228	7
1229	8
1230	14
1231	11
1232	8
1233	6
1234	7
1235	7
1236	4
1237	9
1238	6
1239	8
1240	13
1241	9
1242	10
1243	11
1244	12
1245	10
1246	5
1247	4
1248	13
1249	5
1250	3
1251	10
1252	5
1253	11
1254	9
1255	8
1256	6
1257	11
1258	14
1259	9
1260	13
1261	12
1262	17
1263	12
1264	13
1265	16
1266	10
1267	18
1268	15
1269	16
1270	17
1271	18
1272	21
1273	21
1274	21
1275	19
1276	23
1277	17
1278	30
1279	27
1280	29
1281	30
1282	29
1283	34
1284	36
1285	31
1286	33
1287	38
1288	40
1289	38
1290	35
1291	54
1292	47
1293	47
1294	54
1295	45
1296	58
1297	67
1298	64
1299	64
1300	65
1301	76
1302	78
1303	82
1304	61
1305	64
1306	70
1307	92
1308	82
1309	82
1310	87
1311	83
1312	109
1313	85
1314	86
1315	90
1316	73
1317	90
1318	85
1319	79
1320	88
1321	97
1322	102
1323	86
1324	199
1325	119
1326	81
1327	104
1328	77
1329	74
1330	85
1331	80
1332	86
1333	98
1334	90
1335	84
1336	81
1337	73
1338	86
1339	82
1340	72
1341	80
1342	78
1343	77
1344	67
1345	68
1346	51
1347	67
1348	67
1349	54
1350	58
1351	53
1352	52
1353	47
1354	42
1355	43
1356	36
1357	55
1358	41
1359	41
1360	41
1361	60
1362	34
1363	30
1364	41
1365	37
1366	29
1367	30
1368	34
1369	24
1370	26
1371	34
1372	22
1373	13
1374	21
1375	13
1376	12
1377	15
1378	17
1379	19
1380	14
1381	11
1382	18
1383	18
1384	14
1385	9
1386	14
1387	13
1388	13
1389	6
1390	8
1391	10
1392	12
1393	9
1394	14
1395	13
1396	9
1397	12
1398	8
1399	6
1400	13
1401	16
1402	10
1403	3
1404	12
1405	13
1406	15
1407	4
1408	5
1409	6
1410	9
1411	6
1412	6
1413	11
1414	9
1415	8
1416	11
1417	7
1418	10
1419	15
1420	14
1421	14
1422	15
1423	10
1424	5
1425	9
1426	8
1427	12
1428	11
1429	10
1430	4
1431	5
1432	7
1433	6
1434	11
1435	7
1436	10
1437	11
1438	8
1439	7
1440	6
1441	6
1442	11
1443	18
1444	9
1445	9
1446	12
1447	10
1448	11
1449	12
1450	8
1451	10
1452	7
1453	13
1454	7
1455	12
1456	9
1457	9
1458	16
1459	7
1460	11
1461	10
1462	9
1463	5
1464	10
1465	11
1466	10
1467	3
1468	10
1469	7
1470	15
1471	3
1472	5
1473	8
1474	7
1475	8
1476	6
1477	4
1478	8
1479	6
1480	10
1481	12
1482	7
1483	9
1484	9
1485	12
1486	6
1487	12
1488	9
1489	8
1490	9
1491	11
1492	6
1493	6
1494	6
1495	5
1496	6
1497	6
1498	11
1499	7
1500	13
1501	9
1502	7
1503	8
1504	9
1505	7
1506	12
1507	6
1508	9
1509	5
1510	7
1511	6
1512	6
1513	7
1514	7
1515	9
1516	11
1517	9
1518	9
1519	8
1520	9
1521	7
1522	9
1523	12
1524	10
1525	8
1526	13
1527	4
1528	9
1529	9
1530	10
1531	5
1532	9
1533	11
1534	8
1535	7
1536	6
1537	12
1538	9
1539	8
1540	14
1541	5
1542	9
1543	10
1544	7
1545	6
1546	5
1547	8
1548	9
1549	12
1550	9
1551	9
1552	9
1553	12
1554	9
1555	13
1556	9
1557	4
1558	8
1559	13
1560	10
1561	5
1562	7
1563	17
1564	10
1565	9
1566	6
1567	10
1568	9
1569	5
1570	9
1571	10
1572	9
1573	5
1574	16
1575	8
1576	6
1577	8
1578	13
1579	11
1580	8
1581	2
1582	14
1583	7
1584	7
1585	8
1586	6
1587	10
1588	10
1589	8
1590	16
1591	12
1592	2
1593	7
1594	8
1595	13
1596	6
1597	6
1598	4
1599	5
1600	10
1601	9
1602	11
1603	14
1604	12
1605	9
1606	5
1607	12
1608	4
1609	8
1610	11
1611	9
1612	10
1613	8
1614	12
1615	10
1616	10
1617	14
1618	12
1619	6
1620	8
1621	9
1622	3
1623	7
1624	6
1625	7
1626	11
1627	12
1628	8
1629	7
1630	12
1631	12
1632	11
1633	7
1634	9
1635	13
1636	10
1637	10
1638	8
1639	7
1640	10
1641	13
1642	7
1643	11
1644	7
1645	9
1646	5
1647	5
1648	7
1649	8
1650	7
1651	9
1652	7
1653	10
1654	9
1655	9
1656	15
1657	8
1658	12
1659	10
1660	12
1661	13
1662	9
1663	7
1664	9
1665	4
1666	3
1667	9
1668	5
1669	7
1670	5
1671	12
1672	8
1673	12
1674	11
1675	9
1676	12
1677	5
1678	12
1679	11
1680	11
1681	13
1682	14
1683	10
1684	10
1685	5
1686	8
1687	10
1688	11
1689	12
1690	8
1691	8
1692	7
1693	9
1694	6
1695	9
1696	13
1697	6
1698	10
1699	10
1700	11
1701	8
1702	6
1703	14
1704	11
1705	13
1706	9
1707	6
1708	15
1709	5
1710	10
1711	6
1712	5
1713	7
1714	12
1715	6
1716	13
1717	8
1718	7
1719	8
1720	4
1721	4
1722	9
1723	10
1724	13
1725	8
1726	4
1727	8
1728	5
1729	6
1730	10
1731	8
1732	11
1733	13
1734	7
1735	10
1736	7
1737	5
1738	6
1739	6
1740	10
1741	9
1742	4
1743	7
1744	16
1745	5
1746	7
1747	8
1748	12
1749	5
1750	11
1751	6
1752	9
1753	11
1754	9
1755	4
1756	12
1757	12
1758	4
1759	8
1760	6
1761	12
1762	13
1763	11
1764	10
1765	4
1766	11
1767	15
1768	11
1769	11
1770	10
1771	9
1772	14
1773	13
1774	9
1775	7
1776	8
1777	12
1778	7
1779	4
1780	9
1781	11
1782	4
1783	8
1784	5
1785	11
1786	7
1787	9
1788	9
1789	10
1790	7
1791	9
1792	18
1793	5
1794	12
1795	9
1796	7
1797	7
1798	7
1799	5
1800	4
1801	8
1802	7
1803	11
1804	10
1805	5
1806	9
1807	6
1808	7
1809	8
1810	14
1811	5
1812	4
1813	7
1814	7
1815	7
1816	8
1817	9
1818	5
1819	6
1820	11
1821	7
1822	7
1823	6
1824	6
1825	8
1826	9
1827	8
1828	8
1829	6
1830	10
1831	8
1832	5
1833	7
1834	9
1835	9
1836	13
1837	8
1838	10
1839	6
1840	6
1841	7
1842	6
1843	10
1844	7
1845	6
1846	11
1847	5
1848	15
1849	10
1850	7
1851	3
1852	11
1853	4
1854	12
1855	5
1856	10
1857	11
1858	5
1859	13
1860	5
1861	12
1862	10
1863	4
1864	7
1865	9
1866	11
1867	15
1868	3
1869	6
1870	10
1871	14
1872	1
1873	4
1874	10
1875	11
1876	9
1877	3
1878	8
1879	11
1880	6
1881	8
1882	7
1883	5
1884	7
1885	5
1886	11
1887	14
1888	16
1889	9
1890	12
1891	9
1892	7
1893	6
1894	9
1895	4
1896	4
1897	9
1898	2
1899	7
1900	7
1901	7
1902	5
1903	7
1904	8
1905	5
1906	8
1907	6
1908	9
1909	7
1910	10
1911	9
1912	4
1913	6
1914	11
1915	8
1916	6
1917	13
1918	10
1919	7
1920	8
1921	10
1922	7
1923	5
1924	9
1925	9
1926	6
1927	4
1928	7
1929	5
1930	7
1931	8
1932	12
1933	8
1934	10
1935	4
1936	6
1937	6
1938	7
1939	4
1940	9
1941	4
1942	3
1943	8
1944	8
1945	9
1946	5
1947	8
1948	9
1949	5
1950	3
1951	4
1952	5
1953	5
1954	8
1955	6
1956	8
1957	8
1958	6
1959	12
1960	11
1961	8
1962	7
1963	3
1964	5
1965	7
1966	8
1967	8
1968	12
1969	10
1970	11
1971	11
1972	8
1973	5
1974	14
1975	6
1976	8
1977	6
1978	4
1979	9
1980	3
1981	7
1982	6
1983	7
1984	10
1985	7
1986	16
1987	6
1988	10
1989	13
1990	4
1991	6
1992	6
1993	9
1994	6
1995	7
1996	6
1997	8
1998	7
1999	13
2000	12
2001	8
2002	7
2003	8
2004	14
2005	12
2006	6
2007	9
2008	11
2009	4
2010	6
2011	2
2012	6
2013	6
2014	6
2015	7
2016	6
2017	11
2018	6
2019	12
2020	6
2021	10
2022	3
2023	9
2024	5
2025	2
2026	7
2027	2
2028	7
2029	9
2030	6
2031	8
2032	3
2033	7
2034	10
2035	7
2036	4
2037	7
2038	9
2039	10
2040	9
2041	3
2042	7
2043	10
2044	12
2045	4
2046	8
2047	5
2048	8
2049	10
2050	4
2051	9
2052	10
2053	7
2054	4
2055	7
2056	12
2057	9
2058	11
2059	10
2060	12
2061	9
2062	8
2063	5
2064	8
2065	10
2066	10
2067	16
2068	5
2069	10
2070	8
2071	13
2072	11
2073	4
2074	14
2075	7
2076	9
2077	9
2078	8
2079	8
2080	6
2081	11
2082	7
2083	6
2084	7
2085	7
2086	10
2087	14
2088	8
2089	15
2090	13
2091	7
2092	7
2093	2
2094	5
2095	11
2096	8
2097	10
2098	8
2099	12
2100	9
2101	11
2102	7
2103	3
2104	8
2105	7
2106	8
2107	7
2108	6
2109	7
2110	10
2111	2
2112	9
2113	8
2114	6
2115	5
2116	8
2117	3
2118	4
2119	12
2120	8
2121	8
2122	9
2123	9
2124	2
2125	13
2126	9
2127	8
2128	9
2129	7
2130	6
2131	5
2132	9
2133	8
2134	6
2135	8
2136	5
2137	13
2138	4
2139	13
2140	10
2141	9
2142	7
2143	7
2144	1
2145	5
2146	10
2147	8
2148	6
2149	7
2150	6
2151	10
2152	4
2153	8
2154	8
2155	7
2156	6
2157	6
2158	4
2159	7
2160	10
2161	10
2162	7
2163	4
2164	12
2165	5
2166	10
2167	6
2168	7
2169	9
2170	7
2171	5
2172	12
2173	3
2174	6
2175	4
2176	7
2177	5
2178	7
2179	8
2180	13
2181	3
2182	5
2183	11
2184	7
2185	7
2186	5
2187	14
2188	10
2189	6
2190	12
2191	7
2192	10
2193	9
2194	12
2195	5
2196	8
2197	3
2198	8
2199	7
2200	8
2201	6
2202	6
2203	7
2204	6
2205	11
2206	9
2207	5
2208	6
2209	6
2210	4
2211	5
2212	14
2213	4
2214	6
2215	7
2216	6
2217	13
2218	7
2219	4
2220	9
2221	11
2222	11
2223	3
2224	11
2225	8
2226	9
2227	12
2228	11
2229	15
2230	11
2231	10
2232	11
2233	9
2234	9
2235	9
2236	15
2237	8
2238	10
2239	6
2240	10
2241	10
2242	12
2243	15
2244	11
2245	18
2246	9
2247	12
2248	13
2249	12
2250	12
2251	5
2252	15
2253	9
2254	20
2255	16
2256	28
2257	14
2258	18
2259	14
2260	22
2261	18
2262	25
2263	18
2264	23
2265	16
2266	23
2267	20
2268	29
2269	22
2270	36
2271	22
2272	28
2273	32
2274	34
2275	39
2276	38
2277	34
2278	37
2279	32
2280	45
2281	38
2282	39
2283	39
2284	57
2285	36
2286	51
2287	50
2288	41
2289	48
2290	40
2291	59
2292	49
2293	55
2294	56
2295	42
2296	68
2297	53
2298	49
2299	59
2300	55
2301	45
2302	64
2303	70
2304	77
2305	69
2306	64
2307	73
2308	75
2309	74
2310	73
2311	71
2312	88
2313	88
2314	92
2315	85
2316	87
2317	81
2318	90
2319	103
2320	94
2321	89
2322	76
2323	92
2324	101
2325	92
2326	98
2327	91
2328	94
2329	94
2330	106
2331	104
2332	115
2333	112
2334	91
2335	102
2336	123
2337	96
2338	98
2339	95
2340	105
2341	92
2342	97
2343	124
2344	100
2345	97
2346	98
2347	213
2348	100
2349	118
2350	111
2351	119
2352	119
2353	100
2354	134
2355	99
2356	102
2357	94
2358	110
2359	112
2360	102
2361	112
2362	102
2363	107
2364	97
2365	96
2366	92
2367	102
2368	114
2369	98
2370	82
2371	96
2372	101
2373	79
2374	106
2375	75
2376	75
2377	85
2378	73
2379	74
2380	84
2381	76
2382	90
2383	68
2384	62
2385	83
2386	81
2387	71
2388	86
2389	87
2390	76
2391	70
2392	77
2393	59
2394	67
2395	51
2396	57
2397	63
2398	53
2399	44
2400	67
2401	41
2402	46
2403	44
2404	52
2405	49
2406	55
2407	42
2408	45
2409	43
2410	45
2411	31
2412	35
2413	41
2414	35
2415	32
2416	28
2417	32
2418	35
2419	35
2420	24
2421	13
2422	21
2423	19
2424	29
2425	29
2426	22
2427	29
2428	21
2429	17
2430	26
2431	29
2432	19
2433	23
2434	16
2435	16
2436	15
2437	17
2438	19
2439	12
2440	19
2441	16
2442	19
2443	15
2444	14
2445	11
2446	18
2447	11
2448	14
2449	5
2450	5
2451	7
2452	14
2453	16
2454	17
2455	14
2456	8
2457	13
2458	14
2459	7
2460	6
2461	11
2462	8
2463	9
2464	8
2465	14
2466	5
2467	10
2468	8
2469	7
2470	12
2471	12
2472	7
2473	11
2474	8
2475	14
2476	10
2477	8
2478	11
2479	4
2480	9
2481	5
2482	6
2483	9
2484	3
2485	7
2486	6
2487	5
2488	13
2489	8
2490	8
2491	9
2492	5
2493	8
2494	9
2495	13
2496	11
2497	9
2498	8
2499	11
2500	8
2501	9
2502	18
2503	9
2504	12
2505	5
2506	10
2507	6
2508	4
2509	6
2510	9
2511	8
2512	9
2513	15
2514	4
2515	11
2516	16
2517	12
2518	10
2519	16
2520	8
2521	8
2522	10
2523	13
2524	14
2525	8
2526	10
2527	13
2528	10
2529	14
2530	18
2531	17
2532	6
2533	6
2534	11
2535	19
2536	16
2537	18
2538	10
2539	17
2540	8
2541	9
2542	16
2543	18
2544	24
2545	17
2546	13
2547	23
2548	17
2549	19
2550	22
2551	20
2552	19
2553	19
2554	25
2555	18
2556	22
2557	27
2558	28
2559	25
2560	34
2561	29
2562	31
2563	35
2564	17
2565	19
2566	21
2567	24
2568	35
2569	31
2570	32
2571	25
2572	42
2573	30
2574	31
2575	38
2576	33
2577	35
2578	25
2579	38
2580	31
2581	43
2582	41
2583	45
2584	45
2585	46
2586	51
2587	38
2588	34
2589	49
2590	50
2591	44
2592	54
2593	46
2594	41
2595	54
2596	66
2597	54
2598	61
2599	62
2600	53
2601	56
2602	63
2603	53
2604	69
2605	50
2606	57
2607	65
2608	58
2609	66
2610	76
2611	61
2612	67
2613	75
2614	71
2615	63
2616	74
2617	72
2618	86
2619	77
2620	61
2621	72
2622	71
2623	76
2624	75
2625	76
2626	76
2627	65
2628	78
2629	90
2630	80
2631	85
2632	97
2633	67
2634	92
2635	85
2636	84
2637	97
2638	79
2639	86
2640	92
2641	74
2642	97
2643	81
2644	86
2645	76
2646	85
2647	86
2648	86
2649	84
2650	100
2651	96
2652	97
2653	103
2654	99
2655	97
2656	99
2657	76
2658	94
2659	90
2660	96
2661	91
2662	82
2663	91
2664	80
2665	176
2666	97
2667	96
2668	84
2669	89
2670	90
2671	76
2672	93
2673	102
2674	97
2675	93
2676	79
2677	93
2678	87
2679	95
2680	106
2681	85
2682	90
2683	87
2684	72
2685	93
2686	106
2687	91
2688	71
2689	88
2690	92
2691	76
2692	79
2693	98
2694	85
2695	90
2696	74
2697	81
2698	68
2699	80
2700	77
2701	83
2702	68
2703	88
2704	78
2705	61
2706	77
2707	72
2708	78
2709	67
2710	85
2711	55
2712	73
2713	56
2714	72
2715	74
2716	66
2717	53
2718	61
2719	69
2720	70
2721	66
2722	57
2723	63
2724	59
2725	57
2726	54
2727	72
2728	62
2729	50
2730	56
2731	42
2732	45
2733	44
2734	53
2735	41
2736	46
2737	63
2738	47
2739	42
2740	52
2741	54
2742	37
2743	43
2744	43
2745	42
2746	32
2747	39
2748	44
2749	41
2750	33
2751	43
2752	44
2753	37
2754	38
2755	27
2756	22
2757	36
2758	31
2759	29
2760	25
2761	39
2762	19
2763	37
2764	26
2765	17
2766	17
2767	28
2768	29
2769	17
2770	37
2771	25
2772	23
2773	20
2774	27
2775	30
2776	12
2777	23
2778	20
2779	24
2780	13
2781	17
2782	13
2783	13
2784	19
2785	10
2786	13
2787	9
2788	15
2789	16
2790	20
2791	19
2792	15
2793	18
2794	13
2795	11
2796	16
2797	9
2798	10
2799	11
2800	15
2801	18
2802	6
2803	22
2804	13
2805	13
2806	12
2807	5
2808	9
2809	9
2810	12
2811	13
2812	9
2813	9
2814	10
2815	4
2816	8
2817	5
2818	8
2819	9
2820	10
2821	13
2822	10
2823	14
2824	8
2825	6
2826	6
2827	9
2828	9
2829	7
2830	7
2831	13
2832	13
2833	12
2834	7
2835	9
2836	10
2837	6
2838	10
2839	11
2840	8
2841	7
2842	11
2843	3
2844	11
2845	10
2846	4
2847	3
2848	6
2849	5
2850	7
2851	6
2852	12
2853	7
2854	8
2855	10
2856	11
2857	8
2858	7
2859	4
2860	7
2861	11
2862	5
2863	10
2864	5
2865	7
2866	8
2867	3
2868	9
2869	7
2870	7
2871	8
2872	4
2873	9
2874	11
2875	15
2876	6
2877	8
2878	6
2879	5
2880	4
2881	8
2882	10
2883	7
2884	5
2885	8
2886	4
2887	8
2888	6
2889	4
2890	7
2891	10
2892	6
2893	3
2894	8
2895	4
2896	11
2897	7
2898	6
2899	5
2900	7
2901	6
2902	2
2903	7
2904	5
2905	9
2906	8
2907	7
2908	9
2909	9
2910	8
2911	9
2912	6
2913	6
2914	8
2915	10
2916	6
2917	11
2918	4
2919	5
2920	5
2921	7
2922	8
2923	7
2924	8
2925	8
2926	7
2927	5
2928	14
2929	4
2930	4
2931	7
2932	8
2933	4
2934	5
2935	3
2936	5
2937	8
2938	10
2939	10
2940	1
2941	5
2942	6
2943	8
2944	7
2945	8
2946	12
2947	7
2948	6
2949	7
2950	5
2951	8
2952	8
2953	9
2954	4
2955	8
2956	7
2957	10
2958	5
2959	9
2960	5
2961	6
2962	3
2963	5
2964	6
2965	7
2966	10
2967	4
2968	5
2969	8
2970	9
2971	8
2972	7
2973	7
2974	10
2975	7
2976	9
2977	7
2978	9
2979	6
2980	5
2981	7
2982	5
2983	10
2984	6
2985	4
2986	4
2987	8
2988	4
2989	5
2990	7
2991	11
2992	7
2993	8
2994	9
2995	8
2996	8
2997	8
2998	6
2999	14
3000	8
3001	4
3002	8
3003	4
3004	10
3005	4
3006	7
3007	5
3008	8
3009	6
3010	9
3011	7
3012	5
3013	8
3014	5
3015	5
3016	3
3017	3
3018	3
3019	12
3020	5
3021	7
3022	4
3023	6
3024	7
3025	6
3026	9
3027	4
3028	7
3029	13
3030	10
3031	8
3032	4
3033	7
3034	6
3035	10
3036	6
3037	7
3038	10
3039	4
3040	6
3041	3
3042	8
3043	10
3044	4
3045	9
3046	10
3047	5
3048	8
3049	11
3050	8
3051	11
3052	7
3053	6
3054	12
3055	2
3056	6
3057	9
3058	6
3059	5
3060	6
3061	4
3062	7
3063	6
3064	9
3065	11
3066	8
3067	10
3068	6
3069	6
3070	14
3071	8
3072	13
3073	8
3074	7
3075	6
3076	8
3077	11
3078	8
3079	9
3080	5
3081	8
3082	3
3083	9
3084	4
3085	9
3086	8
3087	11
3088	6
3089	6
3090	13
3091	4
3092	2
3093	1
3094	7
3095	8
3096	7
3097	5
3098	6
3099	4
3100	7
3101	6
3102	4
3103	4
3104	9
3105	5
3106	5
3107	7
3108	4
3109	5
3110	5
3111	7
3112	6
3113	7
3114	8
3115	6
3116	6
3117	6
3118	4
3119	8
3120	7
3121	5
3122	4
3123	9
3124	9
3125	10
3126	9
3127	6
3128	3
3129	4
3130	6
3131	5
3132	10
3133	7
3134	12
3135	5
3136	7
3137	8
3138	7
3139	12
3140	6
3141	4
3142	9
3143	11
3144	3
3145	11
3146	9
3147	5
3148	15
3149	1
3150	3
3151	7
3152	5
3153	9
3154	12
3155	7
3156	4
3157	6
3158	9
3159	2
3160	7
3161	6
3162	6
3163	9
3164	6
3165	9
3166	7
3167	9
3168	8
3169	4
3170	6
3171	5
3172	6
3173	6
3174	10
3175	2
3176	10
3177	11
3178	5
3179	5
3180	8
3181	6
3182	7
3183	5
3184	5
3185	9
3186	13
3187	8
3188	6
3189	6
3190	7
3191	7
3192	5
3193	12
3194	5
3195	3
3196	6
3197	4
3198	6
3199	7
3200	6
3201	10
3202	9
3203	13
3204	3
3205	4
3206	5
3207	12
3208	12
3209	7
3210	6
3211	5
3212	6
3213	8
3214	8
3215	6
3216	4
3217	7
3218	8
3219	6
3220	5
3221	5
3222	5
3223	5
3224	7
3225	11
3226	9
3227	5
3228	3
3229	3
3230	6
3231	8
3232	7
3233	13
3234	9
3235	3
3236	5
3237	6
3238	6
3239	3
3240	7
3241	6
3242	6
3243	11
3244	3
3245	4
3246	5
3247	4
3248	7
3249	11
3250	9
3251	8
3252	10
3253	8
3254	4
3255	5
3256	10
3257	4
3258	6
3259	5
3260	5
3261	2
3262	4
3263	8
3264	13
3265	9
3266	3
3267	4
3268	7
3269	7
3270	3
3271	6
3272	12
3273	6
3274	9
3275	9
3276	7
3277	7
3278	7
3279	9
3280	4
3281	6
3282	6
3283	15
3284	10
3285	4
3286	5
3287	7
3288	6
3289	9
3290	8
3291	9
3292	5
3293	8
3294	7
3295	8
3296	13
3297	8
3298	4
3299	5
3300	8
3301	7
3302	7
3303	6
3304	4
3305	6
3306	9
3307	7
3308	8
3309	4
3310	5
3311	2
3312	7
3313	3
3314	8
3315	3
3316	11
3317	7
3318	6
3319	5
3320	4
3321	5
3322	9
3323	13
3324	6
3325	9
3326	6
3327	9
3328	7
3329	7
3330	12
3331	3
3332	7
3333	5
3334	10
3335	4
3336	8
3337	9
3338	9
3339	4
3340	4
3341	6
3342	10
3343	12
3344	8
3345	6
3346	3
3347	8
3348	6
3349	2
3350	6
3351	5
3352	13
3353	9
3354	6
3355	4
3356	9
3357	7
3358	7
3359	10
3360	7
3361	12
3362	4
3363	5
3364	7
3365	4
3366	8
3367	3
3368	4
3369	6
3370	9
3371	7
3372	8
3373	5
3374	18
3375	7
3376	8
3377	7
3378	4
3379	8
3380	5
3381	6
3382	9
3383	8
3384	8
3385	5
3386	8
3387	9
3388	6
3389	7
3390	9
3391	10
3392	3
3393	5
3394	9
3395	8
3396	7
3397	3
3398	7
3399	5
3400	5
3401	2
3402	3
3403	7
3404	3
3405	6
3406	5
3407	6
3408	10
3409	7
3410	4
3411	3
3412	3
3413	2
3414	4
3415	6
3416	7
3417	8
3418	8
3419	6
3420	6
3421	5
3422	9
3423	9
3424	5
3425	7
3426	7
3427	3
3428	4
3429	9
3430	3
3431	7
3432	3
3433	8
3434	4
3435	15
3436	5
3437	8
3438	9
3439	7
3440	7
3441	8
3442	11
3443	6
3444	4
3445	4
3446	3
3447	10
3448	6
3449	3
3450	5
3451	4
3452	8
3453	5
3454	4
3455	8
3456	9
3457	7
3458	5
3459	6
3460	7
3461	7
3462	4
3463	7
3464	7
3465	6
3466	6
3467	5
3468	5
3469	1
3470	7
3471	6
3472	5
3473	7
3474	6
3475	3
3476	4
3477	9
3478	7
3479	5
3480	8
3481	6
3482	4
3483	6
3484	1
3485	8
3486	6
3487	3
3488	5
3489	8
3490	4
3491	6
3492	2
3493	6
3494	3
3495	7
3496	7
3497	2
3498	8
3499	8
3500	7
3501	8
3502	5
3503	3
3504	3
3505	4
3506	8
3507	4
3508	6
3509	6
3510	8
3511	7
3512	1
3513	7
3514	10
3515	8
3516	5
3517	4
3518	7
3519	6
3520	10
3521	5
3522	8
3523	4
3524	7
3525	5
3526	7
3527	6
3528	9
3529	5
3530	7
3531	9
3532	3
3533	9
3534	6
3535	6
3536	2
3537	7
3538	3
3539	14
3540	6
3541	3
3542	4
3543	7
3544	5
3545	4
3546	8
3547	4
3548	1
3549	7
3550	5
3551	4
3552	9
3553	4
3554	11
3555	1
3556	5
3557	6
3558	6
3559	8
3560	8
3561	4
3562	6
3563	8
3564	5
3565	7
3566	6
3567	7
3568	8
3569	5
3570	6
3571	9
3572	2
3573	5
3574	9
3575	4
3576	7
3577	7
3578	6
3579	6
3580	9
3581	10
3582	8
3583	4
3584	6
3585	5
3586	12
3587	9
3588	5
3589	1
3590	3
3591	5
3592	12
3593	9
3594	5
3595	4
3596	9
3597	5
3598	7
3599	8
3600	5
3601	9
3602	4
3603	5
3604	5
3605	4
3606	8
3607	6
3608	4
3609	9
3610	4
3611	5
3612	7
3613	6
3614	4
3615	9
3616	6
3617	4
3618	9
3619	4
3620	8
3621	3
3622	5
3623	1
3624	6
3625	4
3626	2
3627	10
3628	10
3629	8
3630	4
3631	6
3632	5
3633	7
3634	9
3635	3
3636	11
3637	7
3638	10
3639	5
3640	11
3641	9
3642	7
3643	8
3644	3
3645	11
3646	7
3647	3
3648	8
3649	2
3650	2
3651	6
3652	1
3653	7
3654	11
3655	5
3656	2
3657	9
3658	4
3659	5
3660	7
3661	9
3662	3
3663	7
3664	8
3665	9
3666	7
3667	7
3668	6
3669	5
3670	6
3671	8
3672	7
3673	9
3674	2
3675	4
3676	7
3677	5
3678	8
3679	5
3680	8
3681	6
3682	9
3683	6
3684	2
3685	9
3686	9
3687	6
3688	8
3689	9
3690	4
3691	8
3692	10
3693	5
3694	9
3695	5
3696	14
3697	5
3698	4
3699	19
3700	5
3701	6
3702	8
3703	11
3704	5
3705	7
3706	2
3707	5
3708	4
3709	5
3710	5
3711	5
3712	10
3713	5
3714	7
3715	9
3716	5
3717	5
3718	7
3719	5
3720	7
3721	6
3722	5
3723	7
3724	4
3725	9
3726	5
3727	2
3728	6
3729	7
3730	8
3731	5
3732	12
3733	3
3734	2
3735	6
3736	8
3737	2
3738	5
3739	6
3740	3
3741	2
3742	14
3743	10
3744	4
3745	7
3746	3
3747	6
3748	7
3749	4
3750	9
3751	4
3752	13
3753	6
3754	5
3755	11
3756	1
3757	12
3758	6
3759	10
3760	6
3761	8
3762	5
3763	2
3764	4
3765	9
3766	5
3767	6
3768	9
3769	7
3770	4
3771	5
3772	8
3773	8
3774	9
3775	4
3776	4
3777	10
3778	3
3779	10
3780	9
3781	6
3782	8
3783	8
3784	6
3785	1
3786	8
3787	10
3788	4
3789	9
3790	5
3791	5
3792	5
3793	7
3794	10
3795	4
3796	8
3797	6
3798	13
3799	6
3800	6
3801	8
3802	6
3803	11
3804	6
3805	3
3806	11
3807	5
3808	7
3809	9
3810	4
3811	6
3812	4
3813	7
3814	7
3815	5
3816	7
3817	9
3818	3
3819	8
3820	3
3821	7
3822	7
3823	12
3824	2
3825	2
3826	8
3827	4
3828	2
3829	7
3830	8
3831	4
3832	8
3833	4
3834	7
3835	13
3836	6
3837	7
3838	7
3839	4
3840	1
3841	9
3842	8
3843	7
3844	5
3845	6
3846	5
3847	7
3848	7
3849	4
3850	8
3851	7
3852	7
3853	5
3854	12
3855	7
3856	4
3857	6
3858	7
3859	5
3860	5
3861	6
3862	4
3863	5
3864	4
3865	6
3866	7
3867	9
3868	9
3869	4
3870	10
3871	5
3872	9
3873	2
3874	3
3875	9
3876	8
3877	2
3878	8
3879	9
3880	3
3881	2
3882	8
3883	5
3884	5
3885	6
3886	8
3887	9
3888	11
3889	7
3890	4
3891	8
3892	8
3893	6
3894	7
3895	5
3896	2
3897	4
3898	4
3899	7
3900	6
3901	6
3902	13
3903	7
3904	3
3905	8
3906	5
3907	5
3908	8
3909	4
3910	9
3911	6
3912	5
3913	5
3914	6
3915	3
3916	2
3917	10
3918	3
3919	5
3920	10
3921	4
3922	5
3923	11
3924	8
3925	3
3926	2
3927	3
3928	10
3929	5
3930	6
3931	4
3932	9
3933	3
3934	11
3935	6
3936	6
3937	5
3938	4
3939	6
3940	7
3941	5
3942	5
3943	8
3944	4
3945	5
3946	5
3947	5
3948	9
3949	9
3950	12
3951	6
3952	7
3953	10
3954	4
3955	7
3956	9
3957	4
3958	6
3959	7
3960	6
3961	5
3962	9
3963	4
3964	7
3965	9
3966	9
3967	7
3968	8
3969	9
3970	4
3971	4
3972	8
3973	1
3974	9
3975	8
3976	7
3977	11
3978	7
3979	7
3980	9
3981	7
3982	6
3983	3
3984	5
3985	5
3986	7
3987	5
3988	7
3989	7
3990	3
3991	3
3992	8
3993	6
3994	10
3995	3
3996	7
3997	5
3998	4
3999	10
4000	8
